[4,3,33,34],
[5,4,34,35],
[6,5,35,36],
[7,6,36,37],
[8,7,37,38],
[9,8,38,39],
[10,9,39,225,224],
[11,10,224,223,40],
[12,11,40,41],
[13,12,41,42],
[14,13,42,243,242],
[15,14,242,241,43],
[16,15,43,44],
[17,16,44,45],
[18,17,45,46],
[3,18,46,33],
[34,33,19,20],
[35,34,20,21],
[36,35,21,22],
[37,36,22,23],
[38,37,23,24],
[39,38,24,25],
[43,241,240,249,248,29],
[44,43,29,30],
[45,44,30,31],
[46,45,31,32],
[33,46,32,19],
[237,230,26,48],
[41,40,47,49],
[26,27,50,48],
[42,41,49,51],
[27,28,52,50],
[53,54,55,303,302],
[54,56,57,55],
[56,58,59,57],
[58,60,61,59],
[48,50,56,54],
[50,52,58,56],
[62,67,12,13],
[67,72,11,12],
[72,77,10,11],
[77,82,9,10],
[82,87,8,9],
[87,92,7,8],
[92,97,6,7],
[97,102,5,6],
[102,107,4,5],
[107,112,3,4],
[112,117,18,3],
[117,122,17,18],
[122,127,16,17],
[127,132,15,16],
[132,137,14,15],
[137,62,13,14],
[71,66,1],
[76,71,1],
[81,76,1],
[86,81,1],
[91,86,1],
[96,91,1],
[101,96,1],
[106,101,1],
[111,106,1],
[116,111,1],
[121,116,1],
[126,121,1],
[131,126,1],
[136,131,1],
[141,136,1],
[66,141,1],
[142,147,2],
[147,152,2],
[152,157,2],
[157,162,2],
[162,167,2],
[167,172,2],
[172,177,2],
[177,182,2],
[182,187,2],
[187,192,2],
[192,197,2],
[197,202,2],
[202,207,2],
[207,212,2],
[212,217,2],
[217,142,2],
[20,19,196,191],
[21,20,191,186],
[22,21,186,181],
[23,22,181,176],
[24,23,176,171],
[25,24,171,166],
[26,230,229,161,156],
[27,26,156,151],
[28,27,151,146],
[29,248,247,221,216],
[30,29,216,211],
[31,30,211,206],
[32,31,206,201],
[19,32,201,196],
[65,66,71,70],
[64,65,70,69],
[62,63,68,67],
[63,64,69,68],
[70,71,76,75],
[69,70,75,74],
[67,68,73,72],
[68,69,74,73],
[75,76,81,80],
[74,75,80,79],
[72,73,78,77],
[73,74,79,78],
[80,81,86,85],
[79,80,85,84],
[77,78,83,82],
[78,79,84,83],
[85,86,91,90],
[84,85,90,89],
[82,83,88,87],
[83,84,89,88],
[90,91,96,95],
[89,90,95,94],
[87,88,93,92],
[88,89,94,93],
[95,96,101,100],
[94,95,100,99],
[92,93,98,97],
[93,94,99,98],
[100,101,106,105],
[99,100,105,104],
[97,98,103,102],
[98,99,104,103],
[105,106,111,110],
[104,105,110,109],
[102,103,108,107],
[103,104,109,108],
[110,111,116,115],
[109,110,115,114],
[107,108,113,112],
[108,109,114,113],
[115,116,121,120],
[114,115,120,119],
[112,113,118,117],
[113,114,119,118],
[120,121,126,125],
[119,120,125,124],
[117,118,123,122],
[118,119,124,123],
[125,126,131,130],
[124,125,130,129],
[122,123,128,127],
[123,124,129,128],
[130,131,136,135],
[129,130,135,134],
[127,128,133,132],
[128,129,134,133],
[135,136,141,140],
[134,135,140,139],
[132,133,138,137],
[133,134,139,138],
[66,65,140,141],
[65,64,139,140],
[64,63,138,139],
[63,62,137,138],
[145,146,151,150],
[144,145,150,149],
[142,143,148,147],
[143,144,149,148],
[150,151,156,155],
[149,150,155,154],
[147,148,153,152],
[148,149,154,153],
[155,156,161,160],
[154,155,160,159],
[152,153,158,157],
[153,154,159,158],
[160,161,166,165],
[159,160,165,164],
[157,158,163,162],
[158,159,164,163],
[165,166,171,170],
[164,165,170,169],
[162,163,168,167],
[163,164,169,168],
[170,171,176,175],
[169,170,175,174],
[167,168,173,172],
[168,169,174,173],
[175,176,181,180],
[174,175,180,179],
[172,173,178,177],
[173,174,179,178],
[180,181,186,185],
[179,180,185,184],
[177,178,183,182],
[178,179,184,183],
[185,186,191,190],
[184,185,190,189],
[182,183,188,187],
[183,184,189,188],
[190,191,196,195],
[189,190,195,194],
[187,188,193,192],
[188,189,194,193],
[195,196,201,200],
[194,195,200,199],
[192,193,198,197],
[193,194,199,198],
[200,201,206,205],
[199,200,205,204],
[197,198,203,202],
[198,199,204,203],
[205,206,211,210],
[204,205,210,209],
[202,203,208,207],
[203,204,209,208],
[210,211,216,215],
[209,210,215,214],
[207,208,213,212],
[208,209,214,213],
[215,216,221,220],
[214,215,220,219],
[212,213,218,217],
[213,214,219,218],
[146,145,220,221],
[145,144,219,220],
[144,143,218,219],
[143,142,217,218],
[226,225,39,25,233,232],
[229,233,25,166,161],
[234,238,237,48,54,53],
[247,251,28,146,221],
[223,222,228,227],
[222,226,297,296,228],
[232,231,236,299,298],
[231,230,237,236],
[240,239,245,244],
[239,243,246,245],
[265,259,260,266],
[271,265,266,272],
[277,271,272,278],
[40,223,227,47],
[298,297,226,232],
[246,243,42,51],
[28,251,254,52],
[252,249,240,244],
[47,227,255,257],
[49,47,257,263],
[51,49,263,269],
[246,51,269,275],
[252,244,277,278],
[268,262,55,57],
[274,268,57,59],
[52,254,60,58],
[254,280,61,60],
[280,274,59,61],
[227,228,256,255],
[228,296,295,294,293,256],
[251,250,253,254],
[250,249,252,253],
[255,256,258,257],
[256,293,292,259,258],
[257,258,264,263],
[258,259,265,264],
[260,261,267,266],
[261,262,268,267],
[263,264,270,269],
[264,265,271,270],
[266,267,273,272],
[267,268,274,273],
[269,270,276,275],
[270,271,277,276],
[272,273,279,278],
[273,274,280,279],
[244,245,276,277],
[245,246,275,276],
[254,253,279,280],
[253,252,278,279],
[226,222,281,225],
[225,281,224],
[224,281,222,223],
[230,231,282,229],
[229,282,233],
[233,282,231,232],
[238,234,235,283],
[235,300,299,236,283],
[236,237,238,283],
[243,239,284,242],
[242,284,241],
[241,284,239,240],
[249,250,285,248],
[248,285,247],
[247,285,250,251],
[286,287,292,294],
[287,286,288,289],
[289,288,291,290],
[290,291,302,303],
[295,297,298,301],
[235,234,291,288],
[259,292,287,260],
[295,301,286,294],
[262,290,303,55],
[291,234,53,302],
[287,289,261,260],
[289,290,262,261],
[301,300,235,288,286],
[292,293,294],
[295,296,297],
[298,299,300,301],
[306,310,374,370],
[310,314,378,374],
[314,318,382,378],
[318,322,386,382],
[322,326,390,386],
[326,330,394,390],
[330,334,398,394],
[334,338,402,398],
[338,342,406,402],
[342,346,410,406],
[346,350,414,410],
[350,354,418,414],
[354,358,422,418],
[358,362,426,422],
[362,366,430,426],
[366,306,370,430],
[313,309,304],
[317,313,304],
[321,317,304],
[325,321,304],
[329,325,304],
[333,329,304],
[337,333,304],
[341,337,304],
[345,341,304],
[349,345,304],
[353,349,304],
[357,353,304],
[361,357,304],
[365,361,304],
[369,365,304],
[309,369,304],
[373,377,305],
[377,381,305],
[381,385,305],
[385,389,305],
[389,393,305],
[393,397,305],
[397,401,305],
[401,405,305],
[405,409,305],
[409,413,305],
[413,417,305],
[417,421,305],
[421,425,305],
[425,429,305],
[429,433,305],
[433,373,305],
[308,309,313,312],
[306,307,311,310],
[307,308,312,311],
[312,313,317,316],
[310,311,315,314],
[311,312,316,315],
[316,317,321,320],
[314,315,319,318],
[315,316,320,319],
[320,321,325,324],
[318,319,323,322],
[319,320,324,323],
[324,325,329,328],
[322,323,327,326],
[323,324,328,327],
[328,329,333,332],
[326,327,331,330],
[327,328,332,331],
[332,333,337,336],
[330,331,335,334],
[331,332,336,335],
[336,337,341,340],
[334,335,339,338],
[335,336,340,339],
[340,341,345,344],
[338,339,343,342],
[339,340,344,343],
[344,345,349,348],
[342,343,347,346],
[343,344,348,347],
[348,349,353,352],
[346,347,351,350],
[347,348,352,351],
[352,353,357,356],
[350,351,355,354],
[351,352,356,355],
[356,357,361,360],
[354,355,359,358],
[355,356,360,359],
[360,361,365,364],
[358,359,363,362],
[359,360,364,363],
[364,365,369,368],
[362,363,367,366],
[363,364,368,367],
[309,308,368,369],
[308,307,367,368],
[307,306,366,367],
[372,373,433,432],
[370,371,431,430],
[371,372,432,431],
[373,372,376,377],
[372,371,375,376],
[371,370,374,375],
[377,376,380,381],
[376,375,379,380],
[375,374,378,379],
[381,380,384,385],
[380,379,383,384],
[379,378,382,383],
[385,384,388,389],
[384,383,387,388],
[383,382,386,387],
[389,388,392,393],
[388,387,391,392],
[387,386,390,391],
[393,392,396,397],
[392,391,395,396],
[391,390,394,395],
[397,396,400,401],
[396,395,399,400],
[395,394,398,399],
[401,400,404,405],
[400,399,403,404],
[399,398,402,403],
[405,404,408,409],
[404,403,407,408],
[403,402,406,407],
[409,408,412,413],
[408,407,411,412],
[407,406,410,411],
[413,412,416,417],
[412,411,415,416],
[411,410,414,415],
[417,416,420,421],
[416,415,419,420],
[415,414,418,419],
[421,420,424,425],
[420,419,423,424],
[419,418,422,423],
[425,424,428,429],
[424,423,427,428],
[423,422,426,427],
[429,428,432,433],
[428,427,431,432],
[427,426,430,431],
[711,710,713,712],
[710,709,714,713],
[709,708,715,714],
[452,456,435,434],
[456,460,436,435],
[460,464,437,436],
[464,468,438,437],
[468,472,439,438],
[472,476,440,439],
[476,480,441,440],
[480,484,442,441],
[484,488,443,442],
[488,492,444,443],
[492,496,445,444],
[496,500,446,445],
[500,504,447,446],
[504,508,448,447],
[508,512,449,448],
[512,452,434,449],
[459,455,450],
[463,459,450],
[467,463,450],
[471,467,450],
[475,471,450],
[479,475,450],
[483,479,450],
[487,483,450],
[491,487,450],
[495,491,450],
[499,495,450],
[503,499,450],
[507,503,450],
[511,507,450],
[515,511,450],
[455,515,450],
[711,712,451],
[712,716,451],
[716,720,451],
[720,724,451],
[724,728,451],
[728,732,451],
[732,736,451],
[736,740,451],
[740,744,451],
[744,748,451],
[748,752,451],
[752,756,451],
[756,760,451],
[760,764,451],
[764,768,451],
[768,711,451],
[434,435,520,516],
[435,436,524,520],
[436,437,528,524],
[437,438,532,528],
[438,439,536,532],
[439,440,540,536],
[440,441,544,540],
[441,442,548,544],
[442,443,552,548],
[443,444,556,552],
[444,445,560,556],
[445,446,564,560],
[446,447,568,564],
[447,448,572,568],
[448,449,576,572],
[449,434,516,576],
[519,523,584,580],
[523,527,588,584],
[527,531,592,588],
[531,535,596,592],
[535,539,600,596],
[539,543,604,600],
[543,547,608,604],
[547,551,612,608],
[551,555,616,612],
[555,559,620,616],
[559,563,624,620],
[563,567,628,624],
[567,571,632,628],
[571,575,636,632],
[575,579,640,636],
[579,519,580,640],
[583,587,648,644],
[587,591,652,648],
[591,595,656,652],
[595,599,660,656],
[599,603,664,660],
[603,607,668,664],
[607,611,672,668],
[611,615,676,672],
[615,619,680,676],
[619,623,684,680],
[623,627,688,684],
[627,631,692,688],
[631,635,696,692],
[635,639,700,696],
[639,643,704,700],
[643,583,644,704],
[647,651,715,708],
[651,655,719,715],
[655,659,723,719],
[659,663,727,723],
[663,667,731,727],
[667,671,735,731],
[671,675,739,735],
[675,679,743,739],
[679,683,747,743],
[683,687,751,747],
[687,691,755,751],
[691,695,759,755],
[695,699,763,759],
[699,703,767,763],
[703,707,771,767],
[707,647,708,771],
[454,455,459,458],
[452,453,457,456],
[453,454,458,457],
[458,459,463,462],
[456,457,461,460],
[457,458,462,461],
[462,463,467,466],
[460,461,465,464],
[461,462,466,465],
[466,467,471,470],
[464,465,469,468],
[465,466,470,469],
[470,471,475,474],
[468,469,473,472],
[469,470,474,473],
[474,475,479,478],
[472,473,477,476],
[473,474,478,477],
[478,479,483,482],
[476,477,481,480],
[477,478,482,481],
[482,483,487,486],
[480,481,485,484],
[481,482,486,485],
[486,487,491,490],
[484,485,489,488],
[485,486,490,489],
[490,491,495,494],
[488,489,493,492],
[489,490,494,493],
[494,495,499,498],
[492,493,497,496],
[493,494,498,497],
[498,499,503,502],
[496,497,501,500],
[497,498,502,501],
[502,503,507,506],
[500,501,505,504],
[501,502,506,505],
[506,507,511,510],
[504,505,509,508],
[505,506,510,509],
[510,511,515,514],
[508,509,513,512],
[509,510,514,513],
[455,454,514,515],
[454,453,513,514],
[453,452,512,513],
[518,519,579,578],
[516,517,577,576],
[517,518,578,577],
[519,518,522,523],
[518,517,521,522],
[517,516,520,521],
[523,522,526,527],
[522,521,525,526],
[521,520,524,525],
[527,526,530,531],
[526,525,529,530],
[525,524,528,529],
[531,530,534,535],
[530,529,533,534],
[529,528,532,533],
[535,534,538,539],
[534,533,537,538],
[533,532,536,537],
[539,538,542,543],
[538,537,541,542],
[537,536,540,541],
[543,542,546,547],
[542,541,545,546],
[541,540,544,545],
[547,546,550,551],
[546,545,549,550],
[545,544,548,549],
[551,550,554,555],
[550,549,553,554],
[549,548,552,553],
[555,554,558,559],
[554,553,557,558],
[553,552,556,557],
[559,558,562,563],
[558,557,561,562],
[557,556,560,561],
[563,562,566,567],
[562,561,565,566],
[561,560,564,565],
[567,566,570,571],
[566,565,569,570],
[565,564,568,569],
[571,570,574,575],
[570,569,573,574],
[569,568,572,573],
[575,574,578,579],
[574,573,577,578],
[573,572,576,577],
[582,583,643,642],
[580,581,641,640],
[581,582,642,641],
[583,582,586,587],
[582,581,585,586],
[581,580,584,585],
[587,586,590,591],
[586,585,589,590],
[585,584,588,589],
[591,590,594,595],
[590,589,593,594],
[589,588,592,593],
[595,594,598,599],
[594,593,597,598],
[593,592,596,597],
[599,598,602,603],
[598,597,601,602],
[597,596,600,601],
[603,602,606,607],
[602,601,605,606],
[601,600,604,605],
[607,606,610,611],
[606,605,609,610],
[605,604,608,609],
[611,610,614,615],
[610,609,613,614],
[609,608,612,613],
[615,614,618,619],
[614,613,617,618],
[613,612,616,617],
[619,618,622,623],
[618,617,621,622],
[617,616,620,621],
[623,622,626,627],
[622,621,625,626],
[621,620,624,625],
[627,626,630,631],
[626,625,629,630],
[625,624,628,629],
[631,630,634,635],
[630,629,633,634],
[629,628,632,633],
[635,634,638,639],
[634,633,637,638],
[633,632,636,637],
[639,638,642,643],
[638,637,641,642],
[637,636,640,641],
[646,647,707,706],
[644,645,705,704],
[645,646,706,705],
[647,646,650,651],
[646,645,649,650],
[645,644,648,649],
[651,650,654,655],
[650,649,653,654],
[649,648,652,653],
[655,654,658,659],
[654,653,657,658],
[653,652,656,657],
[659,658,662,663],
[658,657,661,662],
[657,656,660,661],
[663,662,666,667],
[662,661,665,666],
[661,660,664,665],
[667,666,670,671],
[666,665,669,670],
[665,664,668,669],
[671,670,674,675],
[670,669,673,674],
[669,668,672,673],
[675,674,678,679],
[674,673,677,678],
[673,672,676,677],
[679,678,682,683],
[678,677,681,682],
[677,676,680,681],
[683,682,686,687],
[682,681,685,686],
[681,680,684,685],
[687,686,690,691],
[686,685,689,690],
[685,684,688,689],
[691,690,694,695],
[690,689,693,694],
[689,688,692,693],
[695,694,698,699],
[694,693,697,698],
[693,692,696,697],
[699,698,702,703],
[698,697,701,702],
[697,696,700,701],
[703,702,706,707],
[702,701,705,706],
[701,700,704,705],
[714,715,719,718],
[712,713,717,716],
[713,714,718,717],
[718,719,723,722],
[716,717,721,720],
[717,718,722,721],
[722,723,727,726],
[720,721,725,724],
[721,722,726,725],
[726,727,731,730],
[724,725,729,728],
[725,726,730,729],
[730,731,735,734],
[728,729,733,732],
[729,730,734,733],
[734,735,739,738],
[732,733,737,736],
[733,734,738,737],
[738,739,743,742],
[736,737,741,740],
[737,738,742,741],
[742,743,747,746],
[740,741,745,744],
[741,742,746,745],
[746,747,751,750],
[744,745,749,748],
[745,746,750,749],
[750,751,755,754],
[748,749,753,752],
[749,750,754,753],
[754,755,759,758],
[752,753,757,756],
[753,754,758,757],
[758,759,763,762],
[756,757,761,760],
[757,758,762,761],
[762,763,767,766],
[760,761,765,764],
[761,762,766,765],
[766,767,771,770],
[764,765,769,768],
[765,766,770,769],
[708,709,770,771],
[709,710,769,770],
[710,711,768,769],
[774,777,825,822],
[777,780,828,825],
[780,783,831,828],
[783,786,834,831],
[786,789,837,834],
[789,792,840,837],
[792,795,843,840],
[795,798,846,843],
[798,801,849,846],
[801,804,852,849],
[804,807,855,852],
[807,810,858,855],
[810,813,861,858],
[813,816,864,861],
[816,819,867,864],
[819,774,822,867],
[779,776,772],
[782,779,772],
[785,782,772],
[788,785,772],
[791,788,772],
[794,791,772],
[797,794,772],
[800,797,772],
[803,800,772],
[806,803,772],
[809,806,772],
[812,809,772],
[815,812,772],
[818,815,772],
[821,818,772],
[776,821,772],
[824,827,873,870],
[827,830,876,873],
[830,833,879,876],
[833,836,882,879],
[836,839,885,882],
[839,842,888,885],
[842,845,891,888],
[845,848,894,891],
[848,851,897,894],
[851,854,900,897],
[854,857,903,900],
[857,860,906,903],
[860,863,909,906],
[863,866,912,909],
[866,869,915,912],
[869,824,870,915],
[872,875,921,918],
[875,878,924,921],
[878,881,927,924],
[881,884,930,927],
[884,887,933,930],
[887,890,936,933],
[890,893,939,936],
[893,896,942,939],
[896,899,945,942],
[899,902,948,945],
[902,905,951,948],
[905,908,954,951],
[908,911,957,954],
[911,914,960,957],
[914,917,963,960],
[917,872,918,963],
[920,923,969,966],
[923,926,972,969],
[926,929,975,972],
[929,932,978,975],
[932,935,981,978],
[935,938,984,981],
[938,941,987,984],
[941,944,990,987],
[944,947,993,990],
[947,950,996,993],
[950,953,999,996],
[953,956,1002,999],
[956,959,1005,1002],
[959,962,1008,1005],
[962,965,1011,1008],
[965,920,966,1011],
[968,971,1017,1014],
[971,974,1020,1017],
[974,977,1023,1020],
[977,980,1026,1023],
[980,983,1029,1026],
[983,986,1032,1029],
[986,989,1035,1032],
[989,992,1038,1035],
[992,995,1041,1038],
[995,998,1044,1041],
[998,1001,1047,1044],
[1001,1004,1050,1047],
[1004,1007,1053,1050],
[1007,1010,1056,1053],
[1010,1013,1059,1056],
[1013,968,1014,1059],
[1016,1019,1065,1062],
[1019,1022,1068,1065],
[1022,1025,1071,1068],
[1025,1028,1074,1071],
[1028,1031,1077,1074],
[1031,1034,1080,1077],
[1034,1037,1083,1080],
[1037,1040,1086,1083],
[1040,1043,1089,1086],
[1043,1046,1092,1089],
[1046,1049,1095,1092],
[1049,1052,1098,1095],
[1052,1055,1101,1098],
[1055,1058,1104,1101],
[1058,1061,1107,1104],
[1061,1016,1062,1107],
[1064,1067,1113,1110],
[1067,1070,1116,1113],
[1070,1073,1119,1116],
[1073,1076,1122,1119],
[1076,1079,1125,1122],
[1079,1082,1128,1125],
[1082,1085,1131,1128],
[1085,1088,1134,1131],
[1088,1091,1137,1134],
[1091,1094,1140,1137],
[1094,1097,1143,1140],
[1097,1100,1146,1143],
[1100,1103,1149,1146],
[1103,1106,1152,1149],
[1106,1109,1155,1152],
[1109,1064,1110,1155],
[774,775,778,777],
[775,776,779,778],
[777,778,781,780],
[778,779,782,781],
[780,781,784,783],
[781,782,785,784],
[783,784,787,786],
[784,785,788,787],
[786,787,790,789],
[787,788,791,790],
[789,790,793,792],
[790,791,794,793],
[792,793,796,795],
[793,794,797,796],
[795,796,799,798],
[796,797,800,799],
[798,799,802,801],
[799,800,803,802],
[801,802,805,804],
[802,803,806,805],
[804,805,808,807],
[805,806,809,808],
[807,808,811,810],
[808,809,812,811],
[810,811,814,813],
[811,812,815,814],
[813,814,817,816],
[814,815,818,817],
[816,817,820,819],
[817,818,821,820],
[776,775,820,821],
[775,774,819,820],
[822,823,868,867],
[823,824,869,868],
[824,823,826,827],
[823,822,825,826],
[827,826,829,830],
[826,825,828,829],
[830,829,832,833],
[829,828,831,832],
[833,832,835,836],
[832,831,834,835],
[836,835,838,839],
[835,834,837,838],
[839,838,841,842],
[838,837,840,841],
[842,841,844,845],
[841,840,843,844],
[845,844,847,848],
[844,843,846,847],
[848,847,850,851],
[847,846,849,850],
[851,850,853,854],
[850,849,852,853],
[854,853,856,857],
[853,852,855,856],
[857,856,859,860],
[856,855,858,859],
[860,859,862,863],
[859,858,861,862],
[863,862,865,866],
[862,861,864,865],
[866,865,868,869],
[865,864,867,868],
[870,871,916,915],
[871,872,917,916],
[872,871,874,875],
[871,870,873,874],
[875,874,877,878],
[874,873,876,877],
[878,877,880,881],
[877,876,879,880],
[881,880,883,884],
[880,879,882,883],
[884,883,886,887],
[883,882,885,886],
[887,886,889,890],
[886,885,888,889],
[890,889,892,893],
[889,888,891,892],
[893,892,895,896],
[892,891,894,895],
[896,895,898,899],
[895,894,897,898],
[899,898,901,902],
[898,897,900,901],
[902,901,904,905],
[901,900,903,904],
[905,904,907,908],
[904,903,906,907],
[908,907,910,911],
[907,906,909,910],
[911,910,913,914],
[910,909,912,913],
[914,913,916,917],
[913,912,915,916],
[918,919,964,963],
[919,920,965,964],
[920,919,922,923],
[919,918,921,922],
[923,922,925,926],
[922,921,924,925],
[926,925,928,929],
[925,924,927,928],
[929,928,931,932],
[928,927,930,931],
[932,931,934,935],
[931,930,933,934],
[935,934,937,938],
[934,933,936,937],
[938,937,940,941],
[937,936,939,940],
[941,940,943,944],
[940,939,942,943],
[944,943,946,947],
[943,942,945,946],
[947,946,949,950],
[946,945,948,949],
[950,949,952,953],
[949,948,951,952],
[953,952,955,956],
[952,951,954,955],
[956,955,958,959],
[955,954,957,958],
[959,958,961,962],
[958,957,960,961],
[962,961,964,965],
[961,960,963,964],
[966,967,1012,1011],
[967,968,1013,1012],
[968,967,970,971],
[967,966,969,970],
[971,970,973,974],
[970,969,972,973],
[974,973,976,977],
[973,972,975,976],
[977,976,979,980],
[976,975,978,979],
[980,979,982,983],
[979,978,981,982],
[983,982,985,986],
[982,981,984,985],
[986,985,988,989],
[985,984,987,988],
[989,988,991,992],
[988,987,990,991],
[992,991,994,995],
[991,990,993,994],
[995,994,997,998],
[994,993,996,997],
[998,997,1000,1001],
[997,996,999,1000],
[1001,1000,1003,1004],
[1000,999,1002,1003],
[1004,1003,1006,1007],
[1003,1002,1005,1006],
[1007,1006,1009,1010],
[1006,1005,1008,1009],
[1010,1009,1012,1013],
[1009,1008,1011,1012],
[1014,1015,1060,1059],
[1015,1016,1061,1060],
[1016,1015,1018,1019],
[1015,1014,1017,1018],
[1019,1018,1021,1022],
[1018,1017,1020,1021],
[1022,1021,1024,1025],
[1021,1020,1023,1024],
[1025,1024,1027,1028],
[1024,1023,1026,1027],
[1028,1027,1030,1031],
[1027,1026,1029,1030],
[1031,1030,1033,1034],
[1030,1029,1032,1033],
[1034,1033,1036,1037],
[1033,1032,1035,1036],
[1037,1036,1039,1040],
[1036,1035,1038,1039],
[1040,1039,1042,1043],
[1039,1038,1041,1042],
[1043,1042,1045,1046],
[1042,1041,1044,1045],
[1046,1045,1048,1049],
[1045,1044,1047,1048],
[1049,1048,1051,1052],
[1048,1047,1050,1051],
[1052,1051,1054,1055],
[1051,1050,1053,1054],
[1055,1054,1057,1058],
[1054,1053,1056,1057],
[1058,1057,1060,1061],
[1057,1056,1059,1060],
[1062,1063,1108,1107],
[1063,1064,1109,1108],
[1064,1063,1066,1067],
[1063,1062,1065,1066],
[1067,1066,1069,1070],
[1066,1065,1068,1069],
[1070,1069,1072,1073],
[1069,1068,1071,1072],
[1073,1072,1075,1076],
[1072,1071,1074,1075],
[1076,1075,1078,1079],
[1075,1074,1077,1078],
[1079,1078,1081,1082],
[1078,1077,1080,1081],
[1082,1081,1084,1085],
[1081,1080,1083,1084],
[1085,1084,1087,1088],
[1084,1083,1086,1087],
[1088,1087,1090,1091],
[1087,1086,1089,1090],
[1091,1090,1093,1094],
[1090,1089,1092,1093],
[1094,1093,1096,1097],
[1093,1092,1095,1096],
[1097,1096,1099,1100],
[1096,1095,1098,1099],
[1100,1099,1102,1103],
[1099,1098,1101,1102],
[1103,1102,1105,1106],
[1102,1101,1104,1105],
[1106,1105,1108,1109],
[1105,1104,1107,1108],
[1110,1111,1156,1155],
[1111,1112,1157,1156],
[1112,1111,1114,1115],
[1111,1110,1113,1114],
[1115,1114,1117,1118],
[1114,1113,1116,1117],
[1118,1117,1120,1121],
[1117,1116,1119,1120],
[1121,1120,1123,1124],
[1120,1119,1122,1123],
[1124,1123,1126,1127],
[1123,1122,1125,1126],
[1127,1126,1129,1130],
[1126,1125,1128,1129],
[1130,1129,1132,1133],
[1129,1128,1131,1132],
[1133,1132,1135,1136],
[1132,1131,1134,1135],
[1136,1135,1138,1139],
[1135,1134,1137,1138],
[1139,1138,1141,1142],
[1138,1137,1140,1141],
[1142,1141,1144,1145],
[1141,1140,1143,1144],
[1145,1144,1147,1148],
[1144,1143,1146,1147],
[1148,1147,1150,1151],
[1147,1146,1149,1150],
[1151,1150,1153,1154],
[1150,1149,1152,1153],
[1154,1153,1156,1157],
[1153,1152,1155,1156],
[1225,1224,1227,1226],
[1224,1223,1228,1227],
[1223,1222,1229,1228],
[1225,1226,773],
[1226,1230,773],
[1230,1234,773],
[1234,1238,773],
[1238,1242,773],
[1242,1246,773],
[1246,1250,773],
[1250,1254,773],
[1254,1258,773],
[1258,1262,773],
[1262,1266,773],
[1266,1270,773],
[1270,1274,773],
[1274,1278,773],
[1278,1282,773],
[1282,1225,773],
[1158,1162,1229,1222],
[1162,1166,1233,1229],
[1166,1170,1237,1233],
[1170,1174,1241,1237],
[1174,1178,1245,1241],
[1178,1182,1249,1245],
[1182,1186,1253,1249],
[1186,1190,1257,1253],
[1190,1194,1261,1257],
[1194,1198,1265,1261],
[1198,1202,1269,1265],
[1202,1206,1273,1269],
[1206,1210,1277,1273],
[1210,1214,1281,1277],
[1214,1218,1285,1281],
[1218,1158,1222,1285],
[1112,1115,1165,1161],
[1115,1118,1169,1165],
[1118,1121,1173,1169],
[1121,1124,1177,1173],
[1124,1127,1181,1177],
[1127,1130,1185,1181],
[1130,1133,1189,1185],
[1133,1136,1193,1189],
[1136,1139,1197,1193],
[1139,1142,1201,1197],
[1142,1145,1205,1201],
[1145,1148,1209,1205],
[1148,1151,1213,1209],
[1151,1154,1217,1213],
[1154,1157,1221,1217],
[1157,1112,1161,1221],
[1160,1161,1165,1164],
[1158,1159,1163,1162],
[1159,1160,1164,1163],
[1164,1165,1169,1168],
[1162,1163,1167,1166],
[1163,1164,1168,1167],
[1168,1169,1173,1172],
[1166,1167,1171,1170],
[1167,1168,1172,1171],
[1172,1173,1177,1176],
[1170,1171,1175,1174],
[1171,1172,1176,1175],
[1176,1177,1181,1180],
[1174,1175,1179,1178],
[1175,1176,1180,1179],
[1180,1181,1185,1184],
[1178,1179,1183,1182],
[1179,1180,1184,1183],
[1184,1185,1189,1188],
[1182,1183,1187,1186],
[1183,1184,1188,1187],
[1188,1189,1193,1192],
[1186,1187,1191,1190],
[1187,1188,1192,1191],
[1192,1193,1197,1196],
[1190,1191,1195,1194],
[1191,1192,1196,1195],
[1196,1197,1201,1200],
[1194,1195,1199,1198],
[1195,1196,1200,1199],
[1200,1201,1205,1204],
[1198,1199,1203,1202],
[1199,1200,1204,1203],
[1204,1205,1209,1208],
[1202,1203,1207,1206],
[1203,1204,1208,1207],
[1208,1209,1213,1212],
[1206,1207,1211,1210],
[1207,1208,1212,1211],
[1212,1213,1217,1216],
[1210,1211,1215,1214],
[1211,1212,1216,1215],
[1216,1217,1221,1220],
[1214,1215,1219,1218],
[1215,1216,1220,1219],
[1161,1160,1220,1221],
[1160,1159,1219,1220],
[1159,1158,1218,1219],
[1228,1229,1233,1232],
[1226,1227,1231,1230],
[1227,1228,1232,1231],
[1232,1233,1237,1236],
[1230,1231,1235,1234],
[1231,1232,1236,1235],
[1236,1237,1241,1240],
[1234,1235,1239,1238],
[1235,1236,1240,1239],
[1240,1241,1245,1244],
[1238,1239,1243,1242],
[1239,1240,1244,1243],
[1244,1245,1249,1248],
[1242,1243,1247,1246],
[1243,1244,1248,1247],
[1248,1249,1253,1252],
[1246,1247,1251,1250],
[1247,1248,1252,1251],
[1252,1253,1257,1256],
[1250,1251,1255,1254],
[1251,1252,1256,1255],
[1256,1257,1261,1260],
[1254,1255,1259,1258],
[1255,1256,1260,1259],
[1260,1261,1265,1264],
[1258,1259,1263,1262],
[1259,1260,1264,1263],
[1264,1265,1269,1268],
[1262,1263,1267,1266],
[1263,1264,1268,1267],
[1268,1269,1273,1272],
[1266,1267,1271,1270],
[1267,1268,1272,1271],
[1272,1273,1277,1276],
[1270,1271,1275,1274],
[1271,1272,1276,1275],
[1276,1277,1281,1280],
[1274,1275,1279,1278],
[1275,1276,1280,1279],
[1280,1281,1285,1284],
[1278,1279,1283,1282],
[1279,1280,1284,1283],
[1222,1223,1284,1285],
[1223,1224,1283,1284],
[1224,1225,1282,1283],
[1286,1550,1624,1625],
[1574,1575,1344,1345],
[1580,1581,1552,1340],
[1347,1348,1568,1569],
[1433,1548,1549,1293],
[1293,1549,1550,1286],
[1586,1587,1440,1335],
[1585,1586,1335,1336],
[1572,1573,1346,1425],
[1573,1574,1345,1346],
[1350,1351,1564,1565],
[1297,1429,1430,1313],
[1299,1794,1793,1927,1931,1314],
[1527,1526,1528,1529],
[1352,1353,1562,1563],
[1301,1431,1432,1322],
[1450,1302,1325,1449],
[1357,1358,1592,1593],
[1304,1436,1437,1310],
[1305,1935,1934,2147,2150,1311],
[1447,1305,1311,1446],
[1359,1360,1590,1591],
[1337,1584,1585,1336],
[1414,1413,1415,1416],
[1444,1414,1416,1443],
[1358,1359,1591,1592],
[1310,1437,1438,1307],
[1420,1419,1413,1414],
[1445,1420,1414,1444],
[1351,1352,1563,1564],
[1313,1430,1431,1301],
[1314,1931,1930,1926,1925,1302],
[1530,1529,1528,1531],
[1349,1515,1566,1567],
[1316,1428,1519,1520],
[1343,1576,1577,1522],
[1536,1535,1537,1538],
[1348,1349,1567,1568],
[1319,1427,1428,1316],
[1344,1575,1576,1343],
[1540,1539,1535,1536],
[1353,1354,1561,1562],
[1322,1432,1433,1293],
[1323,1322,1293,1286],
[1626,1323,1286,1625],
[1341,1579,1580,1340],
[1355,1356,1594,1595],
[1327,1434,1435,1331],
[1328,1327,1331,1332],
[1623,1328,1332,1622],
[1339,1582,1583,1338],
[1356,1357,1593,1594],
[1331,1435,1436,1304],
[1332,1331,1304,1840,2045,2044],
[1448,1334,1305,1447],
[1336,1335,1383,1384],
[1385,1337,1336,1384],
[1386,1361,1339,1338],
[1340,1552,1553,1362],
[1363,1341,1340,1362],
[1365,1343,1522,1523],
[1366,1344,1343,1365],
[1345,1344,1366,1367],
[1346,1345,1367,1368],
[1425,1346,1368,1424],
[1369,1370,1348,1347],
[1370,1371,1349,1348],
[1371,1514,1515,1349],
[1372,1373,1351,1350],
[1373,1374,1352,1351],
[1374,1375,1353,1352],
[1375,1376,1354,1353],
[1377,1378,1356,1355],
[1378,1379,1357,1356],
[1379,1380,1358,1357],
[1380,1381,1359,1358],
[1381,1382,1360,1359],
[1335,1440,1441,1383],
[1362,1553,1554,1388],
[1389,1363,1362,1388],
[1391,1365,1523,1524],
[1392,1366,1365,1391],
[1367,1366,1392,1393],
[1368,1367,1393,1394],
[1424,1368,1394,1423],
[1395,1396,1370,1369],
[1396,1397,1371,1370],
[1397,1513,1514,1371],
[1398,1399,1373,1372],
[1399,1400,1374,1373],
[1400,1401,1375,1374],
[1401,1402,1376,1375],
[1402,1559,1544,1376],
[1403,1404,1378,1377],
[1404,1405,1379,1378],
[1405,1406,1380,1379],
[1406,1407,1381,1380],
[1407,1408,1382,1381],
[1383,1441,1442,1409],
[1384,1383,1409,1410],
[1411,1385,1384,1410],
[1412,1387,1361,1386],
[1532,1527,1529,1533],
[1541,1536,1538,1542],
[1543,1540,1536,1541],
[1454,1424,1423,1453],
[1455,1425,1424,1454],
[1571,1572,1425,1455],
[1428,1427,1457,1458],
[1519,1428,1458,1518],
[1430,1429,1459,1460],
[1431,1430,1460,1461],
[1432,1431,1461,1462],
[1433,1432,1462,1463],
[1463,1547,1548,1433],
[1435,1434,1464,1465],
[1436,1435,1465,1466],
[1437,1436,1466,1467],
[1438,1437,1467,1468],
[1440,1587,1588,1470],
[1441,1440,1470,1471],
[1442,1441,1471,1472],
[1474,1444,1443,1473],
[1475,1445,1444,1474],
[1477,1447,1446,1476],
[1478,1448,1447,1477],
[1480,1450,1449,1479],
[1534,1533,1529,1530],
[1512,1452,1451,1511],
[1484,1454,1453,1483],
[1485,1455,1454,1484],
[1570,1571,1455,1485],
[1458,1457,1487,1488],
[1518,1458,1488,1517],
[1460,1459,1489,1490],
[1461,1460,1490,1491],
[1462,1461,1491,1492],
[1463,1462,1492,1493],
[1493,1546,1547,1463],
[1465,1464,1494,1495],
[1466,1465,1495,1496],
[1467,1466,1496,1497],
[1468,1467,1497,1498],
[1470,1588,1589,1500],
[1471,1470,1500,1501],
[1472,1471,1501,1502],
[1504,1474,1473,1503],
[1505,1475,1474,1504],
[1507,1477,1476,1506],
[1508,1478,1477,1507],
[1510,1480,1479,1509],
[1511,1451,1480,1510],
[1369,1484,1483,1395],
[1347,1485,1484,1369],
[1569,1570,1485,1347],
[1500,1589,1590,1360],
[1501,1500,1360,1382],
[1502,1501,1382,1408],
[1417,1504,1503,1418],
[1421,1505,1504,1417],
[1514,1513,1398,1372],
[1515,1514,1372,1350],
[1566,1515,1350,1565],
[1459,1518,1517,1489],
[1429,1519,1518,1459],
[1520,1519,1429,1297],
[1522,1577,1578,1342],
[1523,1522,1342,1364],
[1524,1523,1364,1390],
[1547,1546,1494,1464],
[1548,1547,1464,1434],
[1549,1548,1434,1327],
[1550,1549,1327,1328],
[1624,1550,1328,1623],
[1552,1581,1582,1339],
[1553,1552,1339,1361],
[1554,1553,1361,1387],
[1544,1559,1403,1377],
[1561,1560,1545,1291],
[1562,1561,1291,1321],
[1563,1562,1321,1300],
[1564,1563,1300,1312],
[1565,1564,1312,1296],
[1516,1566,1565,1296],
[1567,1566,1516,1315],
[1568,1567,1315,1318],
[1569,1568,1318,1290],
[1290,1486,1570,1569],
[1486,1456,1571,1570],
[1456,1426,1572,1571],
[1426,1295,1573,1572],
[1295,1287,1574,1573],
[1287,1320,1575,1574],
[1576,1575,1320,1317],
[1577,1576,1317,1521],
[1578,1577,1521,1298],
[1580,1579,1324,1288],
[1288,1551,1581,1580],
[1582,1581,1551,1329],
[1583,1582,1329,1333],
[1585,1584,1308,1289],
[1289,1294,1586,1585],
[1294,1439,1587,1586],
[1588,1587,1439,1469],
[1589,1588,1469,1499],
[1590,1589,1499,1292],
[1591,1590,1292,1306],
[1592,1591,1306,1309],
[1593,1592,1309,1303],
[1594,1593,1303,1330],
[1595,1594,1330,1326],
[1545,1560,1595,1326],
[1560,1561,1598,1597],
[1561,1354,1596,1598],
[1376,1544,1600,1599],
[1354,1376,1599,1596],
[1544,1377,1601,1600],
[1377,1355,1602,1601],
[1595,1560,1597,1603],
[1355,1595,1603,1602],
[1597,1598,1614,1613],
[1598,1596,1615,1614],
[1599,1600,1617,1616],
[1596,1599,1616,1615],
[1600,1601,1618,1617],
[1601,1602,1619,1618],
[1603,1597,1613,1620],
[1602,1603,1620,1619],
[1329,1623,1622,1333],
[1551,1624,1623,1329],
[1625,1624,1551,1288],
[1324,1626,1625,1288],
[1521,1628,1627,1298],
[1317,1629,1628,1521],
[1320,1630,1629,1317],
[1631,1630,1320,1287],
[1632,1631,1287,1295],
[1633,1632,1295,1426],
[1634,1633,1426,1456],
[1635,1634,1456,1486],
[1636,1635,1486,1290],
[1290,1318,1637,1636],
[1638,1637,1318,1315],
[1639,1638,1315,1516],
[1640,1639,1516,1296],
[1641,1640,1296,1312],
[1642,1641,1312,1300],
[1643,1642,1300,1321],
[1644,1643,1321,1291],
[1291,1545,1645,1644],
[1646,1645,1545,1326],
[1647,1646,1326,1330],
[1648,1647,1330,1303],
[1649,1648,1303,1309],
[1650,1649,1309,1306],
[1651,1650,1306,1292],
[1499,1652,1651,1292],
[1469,1653,1652,1499],
[1439,1654,1653,1469],
[1655,1654,1439,1294],
[1656,1655,1294,1289],
[1308,1621,1656,1289],
[1676,1675,1694,1693],
[1675,1674,1695,1694],
[1674,1673,1696,1695],
[1311,2150,2149,1681,1685],
[1446,1311,1685,1692],
[1660,1664,1415,1413],
[1664,1668,1416,1415],
[1668,1672,1443,1416],
[1680,1676,1417,1418],
[1688,1684,1419,1420],
[1684,1660,1413,1419],
[1689,1688,1420,1445],
[1676,1693,1421,1417],
[1443,1672,1700,1473],
[1701,1689,1445,1475],
[1476,1446,1692,1704],
[1473,1700,1708,1503],
[1709,1701,1475,1505],
[1506,1476,1704,1712],
[1503,1708,1680,1418],
[1693,1709,1505,1421],
[1659,1660,1684,1683],
[1657,1658,1682,1681],
[1658,1659,1683,1682],
[1660,1659,1663,1664],
[1659,1658,1662,1663],
[1658,1657,1661,1662],
[1664,1663,1667,1668],
[1663,1662,1666,1667],
[1662,1661,1665,1666],
[1668,1667,1671,1672],
[1667,1666,1670,1671],
[1666,1665,1669,1670],
[1675,1676,1680,1679],
[1673,1674,1678,1677],
[1674,1675,1679,1678],
[1679,1680,1708,1707],
[1677,1678,1706,1705],
[1678,1679,1707,1706],
[1683,1684,1688,1687],
[1681,1682,1686,1685],
[1682,1683,1687,1686],
[1685,1686,1691,1692],
[1686,1687,1690,1691],
[1687,1688,1689,1690],
[1695,1696,1712,1711],
[1693,1694,1710,1709],
[1694,1695,1711,1710],
[1672,1671,1699,1700],
[1671,1670,1698,1699],
[1670,1669,1697,1698],
[1692,1691,1703,1704],
[1691,1690,1702,1703],
[1690,1689,1701,1702],
[1700,1699,1707,1708],
[1699,1698,1706,1707],
[1698,1697,1705,1706],
[1704,1703,1711,1712],
[1703,1702,1710,1711],
[1702,1701,1709,1710],
[1721,1720,1723,1722],
[1720,1719,1724,1723],
[1742,1741,1744,1743],
[1741,1740,1745,1744],
[1754,1753,1756,1755],
[1753,1752,1757,1756],
[1778,1777,1791,1794],
[1777,1776,1792,1791],
[1775,1391,1524,1776],
[1718,1392,1391,1775],
[1393,1392,1718,1715],
[1394,1393,1715,1727],
[1423,1394,1727,1736],
[1721,1722,1396,1395],
[1722,1767,1397,1396],
[1767,1770,1513,1397],
[1742,1743,1399,1398],
[1743,1746,1400,1399],
[1746,1750,1401,1400],
[1754,1755,1406,1405],
[1755,1761,1407,1406],
[1761,1758,1408,1407],
[1409,1442,1737,1731],
[1410,1409,1731,1728],
[1728,1765,1411,1410],
[1453,1423,1736,1781],
[1737,1442,1472,1782],
[1483,1453,1781,1787],
[1782,1472,1502,1788],
[1724,1482,1481,1769],
[1785,1482,1724,1719],
[1395,1483,1787,1721],
[1788,1502,1408,1758],
[1757,1752,1507,1506],
[1748,1510,1509,1749],
[1745,1511,1510,1748],
[1740,1512,1511,1745],
[1769,1481,1525,1772],
[1770,1742,1398,1513],
[1776,1524,1390,1792],
[1772,1525,1512,1740],
[1657,1730,1661],
[1730,1733,1665,1661],
[1733,1739,1669,1665],
[1760,1763,1673,1677],
[1763,1757,1696,1673],
[1669,1739,1784,1697],
[1697,1784,1790,1705],
[1705,1790,1760,1677],
[1757,1506,1712,1696],
[1764,1765,1766],
[1764,1766,1657],
[1793,1794,1791],
[1793,1791,1792],
[1713,1714,1717,1716],
[1714,1715,1718,1717],
[1716,1717,1774,1773],
[1717,1718,1775,1774],
[1719,1720,1786,1785],
[1720,1721,1787,1786],
[1722,1723,1768,1767],
[1723,1724,1769,1768],
[1715,1714,1726,1727],
[1714,1713,1725,1726],
[1728,1729,1766,1765],
[1729,1730,1657,1766],
[1730,1729,1732,1733],
[1729,1728,1731,1732],
[1727,1726,1735,1736],
[1726,1725,1734,1735],
[1733,1732,1738,1739],
[1732,1731,1737,1738],
[1743,1744,1747,1746],
[1744,1745,1748,1747],
[1746,1747,1751,1750],
[1747,1748,1749,1751],
[1755,1756,1762,1761],
[1756,1757,1763,1762],
[1758,1759,1789,1788],
[1759,1760,1790,1789],
[1760,1759,1762,1763],
[1759,1758,1761,1762],
[1767,1768,1771,1770],
[1768,1769,1772,1771],
[1740,1741,1771,1772],
[1741,1742,1770,1771],
[1773,1774,1777,1778],
[1774,1775,1776,1777],
[1736,1735,1780,1781],
[1735,1734,1779,1780],
[1739,1738,1783,1784],
[1738,1737,1782,1783],
[1781,1780,1786,1787],
[1780,1779,1785,1786],
[1784,1783,1789,1790],
[1783,1782,1788,1789],
[1795,1796,1798,1797],
[1796,1795,1799,1800],
[1797,1798,1807,1808],
[1800,1799,1801,1802],
[1802,1801,1803,1804],
[1804,1803,1806,1805],
[1805,1806,1810,1809],
[1808,1807,1809,1810],
[1811,1812,1814,1813],
[1812,1811,1815,1816],
[1813,1814,1822,1821],
[1816,1815,1817,1818],
[1818,1817,1819,1820],
[1820,1819,1825,1826],
[1821,1822,1824,1823],
[1823,1824,1826,1825],
[1525,1481,1805,1809],
[1482,1804,1805,1481],
[1807,1798,1299,1422],
[1809,1807,1422,1452],
[1512,1525,1809,1452],
[1422,1299,1811,1813],
[1299,1314,1815,1811],
[1314,1302,1817,1815],
[1302,1450,1819,1817],
[1452,1422,1813,1821],
[1451,1452,1821,1823],
[1480,1451,1823,1825],
[1450,1480,1825,1819],
[1814,1812,1526,1527],
[1812,1816,1528,1526],
[1816,1818,1531,1528],
[1818,1820,1530,1531],
[1822,1814,1527,1532],
[1824,1822,1532,1533],
[1826,1824,1533,1534],
[1820,1826,1534,1530],
[1795,1797,1537,1535],
[1797,1808,1538,1537],
[1801,1799,1539,1540],
[1799,1795,1535,1539],
[1808,1810,1542,1538],
[1810,1806,1541,1542],
[1803,1801,1540,1543],
[1806,1803,1543,1541],
[1713,1716,1800,1725],
[1725,1800,1802,1734],
[1796,1773,1778,1798],
[1800,1716,1773,1796],
[1734,1802,1804,1779],
[1779,1804,1482,1785],
[1798,1778,1794,1299],
[1835,1834,1837,1836],
[1834,1833,1838,1837],
[1833,1832,1839,1838],
[1848,1847,1850,1849],
[1847,1846,1851,1850],
[1846,1845,1852,1851],
[1861,1860,1863,1862],
[1860,1859,1864,1863],
[1859,1858,1865,1864],
[1874,1873,1876,1875],
[1873,1872,1877,1876],
[1872,1871,1878,1877],
[1882,1881,1884,1883],
[1881,1880,1885,1884],
[1880,1879,1886,1885],
[1914,1913,1923,1926],
[1913,1912,1924,1923],
[1912,1911,1948,1947,1924],
[1918,1917,1928,1927],
[1917,1916,1929,1928],
[1916,1915,1930,1929],
[1922,1921,1932,1945,1944],
[1921,1920,1933,1932],
[1920,1919,1934,1933],
[1342,1578,1875,1906],
[1828,2040,2042,1323,1626],
[1895,1839,1579,1341],
[1841,2050,2052,2056,2055,1857],
[1887,1852,1862,1882],
[1879,1865,1584,1337],
[1867,2064,2066,2034,2033,1831],
[1903,1878,1836,1898],
[1622,1332,2044,2043,1844],
[1338,1583,1849,1890],
[1886,1879,1337,1385],
[1891,1887,1882,1883],
[1386,1338,1890,1894],
[1899,1895,1341,1363],
[1907,1903,1898,1902],
[1364,1342,1906,1910],
[1911,1899,1363,1389],
[1915,1907,1902,1914],
[1390,1364,1910,1918],
[1412,1386,1894,1922],
[1930,1915,1914,1926],
[1875,1578,1298,1874],
[1836,1878,1871,1835],
[1579,1839,1832,1324],
[1849,1583,1333,1848],
[1862,1852,1845,1861],
[1584,1865,1858,1308],
[1858,1854,1621,1308],
[1845,1841,1857,1861],
[1333,1622,1844,1848],
[1832,1828,1626,1324],
[1871,1867,1831,1835],
[1298,1627,1870,1874],
[1793,1792,1390,1918,1927],
[1925,1926,1923],
[1925,1923,1924],
[1925,1924,1947,1949],
[1931,1927,1928],
[1931,1928,1929],
[1931,1929,1930],
[1935,1946,1945,1932],
[1935,1932,1933],
[1935,1933,1934],
[1831,1830,1834,1835],
[1830,1829,1833,1834],
[1829,1828,1832,1833],
[1844,1843,1847,1848],
[1843,1842,1846,1847],
[1842,1841,1845,1846],
[1857,1856,1860,1861],
[1856,1855,1859,1860],
[1855,1854,1858,1859],
[1870,1869,1873,1874],
[1869,1868,1872,1873],
[1868,1867,1871,1872],
[1862,1863,1881,1882],
[1863,1864,1880,1881],
[1864,1865,1879,1880],
[1849,1850,1889,1890],
[1850,1851,1888,1889],
[1851,1852,1887,1888],
[1890,1889,1893,1894],
[1889,1888,1892,1893],
[1888,1887,1891,1892],
[1836,1837,1897,1898],
[1837,1838,1896,1897],
[1838,1839,1895,1896],
[1898,1897,1901,1902],
[1897,1896,1900,1901],
[1896,1895,1899,1900],
[1875,1876,1905,1906],
[1876,1877,1904,1905],
[1877,1878,1903,1904],
[1906,1905,1909,1910],
[1905,1904,1908,1909],
[1904,1903,1907,1908],
[1902,1901,1913,1914],
[1901,1900,1912,1913],
[1900,1899,1911,1912],
[1910,1909,1917,1918],
[1909,1908,1916,1917],
[1908,1907,1915,1916],
[1894,1893,1921,1922],
[1893,1892,1920,1921],
[1892,1891,1919,1920],
[1936,2174,2173,1940,1939],
[1938,1937,1941,2177,2176],
[1939,1940,1949,1948],
[1942,1943,1944,1946],
[1302,1925,1949,1940,1325],
[1334,1942,1946,1935,1305],
[1388,1554,1937,1936],
[1939,1389,1388,1936],
[1941,1387,1412,1943],
[1937,1554,1387,1941],
[1939,1948,1911,1389],
[1943,1412,1922,1944],
[1944,1945,1946],
[1947,1948,1949],
[1960,1752,1753],
[1961,1960,1753,1754],
[1963,1966,1750,1751],
[1964,1963,1751,1749],
[1956,1955,1958,1957],
[1955,2180,2179,1959,1958],
[1951,1954,1559,1402],
[1956,1957,1404,1403],
[1957,1961,1754,1405,1404],
[1959,1508,1507,1752],
[1559,1954,1956,1403],
[1750,1966,1951,1402,1401],
[1960,1961,1962],
[1960,1962,1752],
[1963,1964,1965],
[1963,1965,1966],
[1950,1951,1966,1965],
[1951,1950,1953,1954],
[1950,2183,2182,1952,1953],
[1954,1953,1955,1956],
[1953,1952,2181,2180,1955],
[1957,1958,1962,1961],
[1958,1959,1752,1962],
[2042,2041,1827,1301,1322,1323],
[2052,2051,1840,1304,1310,1853,2057,2056],
[2066,2065,1866,1313,1301,1827,2035,2034],
[1967,1968,1986,1985],
[1968,1967,1969,1970],
[1970,1969,2015,2016],
[1971,1972,1974,1973],
[1972,1971,1979,1980],
[1973,1974,2012,2011],
[1975,1976,1978,1977],
[1976,1975,2001,2002],
[1977,1978,2020,2019],
[1980,1979,2027,2028],
[1981,1982,1984,1983],
[1982,1981,2007,2008],
[1983,1984,2029,2030],
[1985,1986,2024,2023],
[1987,1988,2010,2009],
[1988,1987,1990,1989],
[1989,1990,2026,2025],
[1991,1992,1994,1993],
[1992,1991,2013,2014],
[1993,1994,2000,1999],
[1995,1996,2018,2017],
[1996,1995,1997,1998],
[1998,1997,2060,2061],
[1999,2000,2002,2001],
[2003,2004,2006,2005],
[2004,2003,2021,2022],
[2005,2006,2008,2007],
[2009,2010,2032,2031],
[2011,2012,2014,2013],
[2016,2015,2017,2018],
[2019,2020,2022,2021],
[2023,2024,2028,2027],
[2025,2026,2030,2029],
[2031,2032,2059,2058],
[2033,2035,2036,2037],
[2037,2036,2038,2039],
[2039,2038,2041,2040],
[2043,2045,2046,2047],
[2047,2046,2048,2049],
[2049,2048,2051,2050],
[2053,2054,2055,2057],
[2054,2053,2058,2059],
[2061,2060,2062,2063],
[2063,2062,2065,2064],
[1968,1970,1630,1631],
[1636,1637,1974,1972],
[1644,1645,1978,1976],
[2023,1427,1319,1985],
[1985,1319,1969,1967],
[1989,2025,1654,1655],
[1988,1989,1655,1656],
[2024,1986,1632,1633],
[1986,1968,1631,1632],
[1992,1640,1641,1994],
[1995,1297,1313,1866,1997],
[2000,1642,1643,2002],
[2004,1648,1649,2006],
[2008,1650,1651,1982],
[1307,1438,2026,1990],
[2009,1307,1990,1987],
[1656,1621,2010,1988],
[2006,1649,1650,2008],
[1994,1641,1642,2000],
[2012,1638,1639,2014],
[2015,1316,1520,2017],
[1629,2016,2018,1628],
[1974,1637,1638,2012],
[1969,1319,1316,2015],
[1630,1970,2016,1629],
[2002,1643,1644,1976],
[2020,1646,1647,2022],
[2022,1647,1648,2004],
[2028,2024,1633,1634],
[2027,1457,1427,2023],
[2026,1438,1468,2030],
[1654,2025,2029,1653],
[1980,2028,1634,1635],
[1979,1487,1457,2027],
[2030,1468,1498,1983],
[1653,2029,1984,1652],
[1972,1980,1635,1636],
[1971,1973,1487,1979],
[1488,1487,1973,2011],
[1517,1488,2011,2013],
[1490,1489,1991,1993],
[1491,1490,1993,1999],
[1492,1491,1999,2001],
[1493,1492,2001,1975],
[1975,1977,1546,1493],
[1495,1494,2019,2021],
[1496,1495,2021,2003],
[1497,1496,2003,2005],
[1498,1497,2005,2007],
[1983,1498,2007,1981],
[1652,1984,1982,1651],
[2014,1639,1640,1992],
[1489,1517,2013,1991],
[2017,1520,1297,1995],
[1628,2018,1996,1627],
[1978,1645,1646,2020],
[1546,1977,2019,1494],
[2031,1853,1310,1307,2009],
[1627,1996,1998,1870],
[1854,2032,2010,1621],
[1827,2041,2038],
[1827,2038,2036],
[1827,2036,2035],
[1840,2051,2048],
[1840,2048,2046],
[1840,2046,2045],
[1853,2031,2058],
[1853,2058,2053],
[1853,2053,2057],
[1866,2065,2062],
[1866,2062,2060],
[1866,2060,1997],
[2033,2037,1830,1831],
[2037,2039,1829,1830],
[2039,2040,1828,1829],
[2043,2047,1843,1844],
[2047,2049,1842,1843],
[2049,2050,1841,1842],
[2055,2054,1856,1857],
[2054,2059,1855,1856],
[2059,2032,1854,1855],
[1998,2061,1869,1870],
[2061,2063,1868,1869],
[2063,2064,1867,1868],
[2033,2034,2035],
[2040,2041,2042],
[2043,2044,2045],
[2050,2051,2052],
[2055,2056,2057],
[2064,2065,2066],
[2093,2092,2095,2094],
[2092,2091,2096,2095],
[2102,2101,2104,2103],
[2101,2100,2105,2104],
[2097,1612,2093,2094],
[2102,2103,1612,2097],
[2103,2106,2109,1612],
[2114,2093,1612,2109],
[1605,1606,2070,2067],
[1606,1604,2073,2070],
[1607,1608,2079,2076],
[1604,1607,2076,2073],
[1608,1609,2082,2079],
[1609,1610,2085,2082],
[1611,1605,2067,2088],
[1610,1611,2088,2085],
[2069,2072,2096,2091],
[2072,2075,2099,2096],
[2078,2081,2105,2100],
[2075,2078,2100,2099],
[2081,2084,2108,2105],
[2084,2087,2111,2108],
[2090,2069,2091,2112],
[2087,2090,2112,2111],
[2067,2068,2089,2088],
[2068,2069,2090,2089],
[2069,2068,2071,2072],
[2068,2067,2070,2071],
[2072,2071,2074,2075],
[2071,2070,2073,2074],
[2075,2074,2077,2078],
[2074,2073,2076,2077],
[2078,2077,2080,2081],
[2077,2076,2079,2080],
[2081,2080,2083,2084],
[2080,2079,2082,2083],
[2084,2083,2086,2087],
[2083,2082,2085,2086],
[2087,2086,2089,2090],
[2086,2085,2088,2089],
[2091,2092,2113,2112],
[2092,2093,2114,2113],
[2094,2095,2098,2097],
[2095,2096,2099,2098],
[2097,2098,2101,2102],
[2098,2099,2100,2101],
[2103,2104,2107,2106],
[2104,2105,2108,2107],
[2106,2107,2110,2109],
[2107,2108,2111,2110],
[2109,2110,2113,2114],
[2110,2111,2112,2113],
[2118,2117,2120,2119],
[2117,2116,2121,2120],
[2116,2115,2122,2121],
[2130,2129,2132,2131],
[2129,2128,2133,2132],
[2128,2127,2134,2133],
[1613,1614,2118,2119],
[1614,1615,2126,2118],
[1616,1617,2130,2131],
[1615,1616,2131,2126],
[1617,1618,2138,2130],
[1618,1619,2142,2138],
[1620,1613,2119,2143],
[1619,1620,2143,2142],
[1606,1605,2122,2115],
[1604,1606,2115,2123],
[1608,1607,2134,2127],
[1607,1604,2123,2134],
[1609,1608,2127,2135],
[1610,1609,2135,2139],
[1605,1611,2146,2122],
[1611,1610,2139,2146],
[2117,2118,2126,2125],
[2115,2116,2124,2123],
[2116,2117,2125,2124],
[2121,2122,2146,2145],
[2119,2120,2144,2143],
[2120,2121,2145,2144],
[2129,2130,2138,2137],
[2127,2128,2136,2135],
[2128,2129,2137,2136],
[2123,2124,2133,2134],
[2124,2125,2132,2133],
[2125,2126,2131,2132],
[2137,2138,2142,2141],
[2135,2136,2140,2139],
[2136,2137,2141,2140],
[2139,2140,2145,2146],
[2140,2141,2144,2145],
[2141,2142,2143,2144],
[2149,2148,1764,1657,1681],
[2153,2156,1884,1885],
[2154,2153,1885,1886],
[2156,2155,1883,1884],
[2148,2147,2152,2151],
[2151,2152,2155,2154],
[2151,2154,1886,1385,1411],
[2148,2151,1411,1765,1764],
[1919,1891,1883,2155,2152],
[1934,1919,2152,2147],
[2147,2148,2149,2150],
[2153,2154,2155,2156],
[2175,2174,1936,1937,1938],
[2178,2177,1941,1943,1942],
[2184,2183,1950,1965,1964],
[2157,2158,2173,2175],
[2158,2157,2160,2159],
[2159,2160,2168,2167],
[2161,2162,2176,2178],
[2162,2161,2163,2164],
[2164,2163,2165,2166],
[2166,2165,2170,2169],
[2167,2168,2172,2171],
[2169,2170,2179,2181],
[2171,2172,2182,2184],
[2157,1555,1556,2160],
[1449,1325,2158,2159],
[2163,2161,1334,1448],
[2165,2163,1448,1478],
[2160,1556,1557,2168],
[1479,1449,2159,2167],
[2170,2165,1478,1508],
[2168,1557,1558,2172],
[1509,1479,2167,2171],
[1556,1555,2162,2164],
[1557,1556,2164,2166],
[1558,1557,2166,2169],
[2157,2175,1938,1555],
[1325,1940,2173,2158],
[2161,2178,1942,1334],
[1555,1938,2176,2162],
[2179,2170,1508,1959],
[2172,1558,1952,2182],
[1952,1558,2169,2181],
[2171,2184,1964,1749,1509],
[2173,2174,2175],
[2176,2177,2178],
[2179,2180,2181],
[2182,2183,2184],
[2185,2186,2187,2188],
[2189,2190,2191,2192],
[2193,2194,2195,2196],
[2197,2193,2196,2198],
[2199,2200,2201,2202],
[2200,2185,2188,2201],
[2203,2204,2205,2206],
[2207,2208,2209,2210],
[2211,2212,2213,2214],
[2215,2216,2217,2218],
[2219,2220,2221,2222],
[2223,2224,2197,2198],
[2216,2219,2222,2217],
[2225,2226,2224,2223],
[2204,2211,2214,2205],
[2227,2228,2229,2230],
[2231,2232,2233,2234],
[2190,2227,2230,2191],
[2187,2186,2232,2231],
[2212,2235,2236,2213],
[2237,2238,2239,2240],
[2238,2215,2218,2239],
[2241,2199,2202,2242],
[2195,2194,2243,2244],
[2245,2241,2242,2246],
[2244,2243,2247,2248],
[2192,2245,2246,2189],
[2248,2247,2221,2220],
[2229,2228,2203,2206],
[2234,2233,2208,2207],
[2236,2249,2250,2251],
[2213,2236,2251,2252],
[2214,2213,2252,2253],
[2205,2214,2253,2254],
[2206,2205,2254,2255],
[2256,2229,2206,2255],
[2230,2229,2256,2257],
[2191,2230,2257,2258],
[2192,2191,2258,2259],
[2259,2260,2245,2192],
[2260,2261,2241,2245],
[2261,2262,2199,2241],
[2262,2263,2200,2199],
[2263,2264,2185,2200],
[2264,2265,2186,2185],
[2232,2186,2265,2266],
[2233,2232,2266,2267],
[2208,2233,2267,2268],
[2209,2208,2268,2269],
[2224,2226,2270,2271],
[2197,2224,2271,2272],
[2272,2273,2193,2197],
[2273,2274,2194,2193],
[2243,2194,2274,2275],
[2247,2243,2275,2276],
[2221,2247,2276,2277],
[2222,2221,2277,2278],
[2217,2222,2278,2279],
[2218,2217,2279,2280],
[2239,2218,2280,2281],
[2240,2239,2281,2282],
[2250,2249,2240,2282],
[2249,2236,2283,2284],
[2236,2235,2285,2283],
[2240,2249,2284,2286],
[2237,2240,2286,2287],
[2270,2288,2289,2271],
[2268,2290,2291,2269],
[2267,2292,2290,2268],
[2266,2293,2292,2267],
[2265,2294,2293,2266],
[2295,2294,2265,2264],
[2296,2295,2264,2263],
[2297,2296,2263,2262],
[2298,2297,2262,2261],
[2299,2298,2261,2260],
[2300,2299,2260,2259],
[2259,2258,2301,2300],
[2302,2301,2258,2257],
[2303,2302,2257,2256],
[2304,2303,2256,2255],
[2305,2304,2255,2254],
[2306,2305,2254,2253],
[2307,2306,2253,2252],
[2308,2307,2252,2251],
[2251,2250,2309,2308],
[2310,2309,2250,2282],
[2311,2310,2282,2281],
[2312,2311,2281,2280],
[2313,2312,2280,2279],
[2314,2313,2279,2278],
[2315,2314,2278,2277],
[2276,2316,2315,2277],
[2275,2317,2316,2276],
[2274,2318,2317,2275],
[2319,2318,2274,2273],
[2320,2319,2273,2272],
[2271,2289,2320,2272],
[2323,2327,2391,2387],
[2327,2331,2395,2391],
[2331,2335,2399,2395],
[2335,2339,2403,2399],
[2339,2343,2407,2403],
[2343,2347,2411,2407],
[2347,2351,2415,2411],
[2351,2355,2419,2415],
[2355,2359,2423,2419],
[2359,2363,2427,2423],
[2363,2367,2431,2427],
[2367,2371,2435,2431],
[2371,2375,2439,2435],
[2375,2379,2443,2439],
[2379,2383,2447,2443],
[2383,2323,2387,2447],
[2330,2326,2321],
[2334,2330,2321],
[2338,2334,2321],
[2342,2338,2321],
[2346,2342,2321],
[2350,2346,2321],
[2354,2350,2321],
[2358,2354,2321],
[2362,2358,2321],
[2366,2362,2321],
[2370,2366,2321],
[2374,2370,2321],
[2378,2374,2321],
[2382,2378,2321],
[2386,2382,2321],
[2326,2386,2321],
[2390,2394,2322],
[2394,2398,2322],
[2398,2402,2322],
[2402,2406,2322],
[2406,2410,2322],
[2410,2414,2322],
[2414,2418,2322],
[2418,2422,2322],
[2422,2426,2322],
[2426,2430,2322],
[2430,2434,2322],
[2434,2438,2322],
[2438,2442,2322],
[2442,2446,2322],
[2446,2450,2322],
[2450,2390,2322],
[2325,2326,2330,2329],
[2323,2324,2328,2327],
[2324,2325,2329,2328],
[2329,2330,2334,2333],
[2327,2328,2332,2331],
[2328,2329,2333,2332],
[2333,2334,2338,2337],
[2331,2332,2336,2335],
[2332,2333,2337,2336],
[2337,2338,2342,2341],
[2335,2336,2340,2339],
[2336,2337,2341,2340],
[2341,2342,2346,2345],
[2339,2340,2344,2343],
[2340,2341,2345,2344],
[2345,2346,2350,2349],
[2343,2344,2348,2347],
[2344,2345,2349,2348],
[2349,2350,2354,2353],
[2347,2348,2352,2351],
[2348,2349,2353,2352],
[2353,2354,2358,2357],
[2351,2352,2356,2355],
[2352,2353,2357,2356],
[2357,2358,2362,2361],
[2355,2356,2360,2359],
[2356,2357,2361,2360],
[2361,2362,2366,2365],
[2359,2360,2364,2363],
[2360,2361,2365,2364],
[2365,2366,2370,2369],
[2363,2364,2368,2367],
[2364,2365,2369,2368],
[2369,2370,2374,2373],
[2367,2368,2372,2371],
[2368,2369,2373,2372],
[2373,2374,2378,2377],
[2371,2372,2376,2375],
[2372,2373,2377,2376],
[2377,2378,2382,2381],
[2375,2376,2380,2379],
[2376,2377,2381,2380],
[2381,2382,2386,2385],
[2379,2380,2384,2383],
[2380,2381,2385,2384],
[2326,2325,2385,2386],
[2325,2324,2384,2385],
[2324,2323,2383,2384],
[2389,2390,2450,2449],
[2387,2388,2448,2447],
[2388,2389,2449,2448],
[2390,2389,2393,2394],
[2389,2388,2392,2393],
[2388,2387,2391,2392],
[2394,2393,2397,2398],
[2393,2392,2396,2397],
[2392,2391,2395,2396],
[2398,2397,2401,2402],
[2397,2396,2400,2401],
[2396,2395,2399,2400],
[2402,2401,2405,2406],
[2401,2400,2404,2405],
[2400,2399,2403,2404],
[2406,2405,2409,2410],
[2405,2404,2408,2409],
[2404,2403,2407,2408],
[2410,2409,2413,2414],
[2409,2408,2412,2413],
[2408,2407,2411,2412],
[2414,2413,2417,2418],
[2413,2412,2416,2417],
[2412,2411,2415,2416],
[2418,2417,2421,2422],
[2417,2416,2420,2421],
[2416,2415,2419,2420],
[2422,2421,2425,2426],
[2421,2420,2424,2425],
[2420,2419,2423,2424],
[2426,2425,2429,2430],
[2425,2424,2428,2429],
[2424,2423,2427,2428],
[2430,2429,2433,2434],
[2429,2428,2432,2433],
[2428,2427,2431,2432],
[2434,2433,2437,2438],
[2433,2432,2436,2437],
[2432,2431,2435,2436],
[2438,2437,2441,2442],
[2437,2436,2440,2441],
[2436,2435,2439,2440],
[2442,2441,2445,2446],
[2441,2440,2444,2445],
[2440,2439,2443,2444],
[2446,2445,2449,2450],
[2445,2444,2448,2449],
[2444,2443,2447,2448],
[2488,2487,2490,2489],
[2487,2486,2491,2490],
[2486,2485,2492,2491],
[2500,2499,2502,2501],
[2499,2498,2503,2502],
[2498,2497,2504,2503],
[2493,2452,2488,2489],
[2500,2501,2452,2493],
[2501,2505,2509,2452],
[2516,2488,2452,2509],
[2461,2457,2453,2451],
[2465,2461,2451,2469],
[2469,2451,2477,2473],
[2481,2477,2451,2453],
[2456,2460,2492,2485],
[2460,2464,2496,2492],
[2468,2472,2504,2497],
[2464,2468,2497,2496],
[2472,2476,2508,2504],
[2476,2480,2512,2508],
[2484,2456,2485,2513],
[2480,2484,2513,2512],
[2455,2456,2484,2483],
[2453,2454,2482,2481],
[2454,2455,2483,2482],
[2456,2455,2459,2460],
[2455,2454,2458,2459],
[2454,2453,2457,2458],
[2460,2459,2463,2464],
[2459,2458,2462,2463],
[2458,2457,2461,2462],
[2464,2463,2467,2468],
[2463,2462,2466,2467],
[2462,2461,2465,2466],
[2468,2467,2471,2472],
[2467,2466,2470,2471],
[2466,2465,2469,2470],
[2472,2471,2475,2476],
[2471,2470,2474,2475],
[2470,2469,2473,2474],
[2476,2475,2479,2480],
[2475,2474,2478,2479],
[2474,2473,2477,2478],
[2480,2479,2483,2484],
[2479,2478,2482,2483],
[2478,2477,2481,2482],
[2487,2488,2516,2515],
[2485,2486,2514,2513],
[2486,2487,2515,2514],
[2491,2492,2496,2495],
[2489,2490,2494,2493],
[2490,2491,2495,2494],
[2493,2494,2499,2500],
[2494,2495,2498,2499],
[2495,2496,2497,2498],
[2503,2504,2508,2507],
[2501,2502,2506,2505],
[2502,2503,2507,2506],
[2507,2508,2512,2511],
[2505,2506,2510,2509],
[2506,2507,2511,2510],
[2509,2510,2515,2516],
[2510,2511,2514,2515],
[2511,2512,2513,2514],
[2517,2518,2519,2520],
[2518,2521,2522,2519],
[2521,2523,2524,2522],
[2523,2525,2526,2524],
[2525,2527,2528,2526],
[2527,2529,2530,2528],
[2529,2531,2532,2530],
[2531,2533,2534,2532],
[2533,2535,2536,2534],
[2535,2537,2538,2536],
[2537,2539,2540,2538],
[2539,2541,2542,2540],
[2541,2543,2544,2542],
[2543,2545,2546,2544],
[2545,2547,2548,2546],
[2547,2517,2520,2548]
